-1.000000000000000000e+00 0.000000000000000000e+00 -1.000000000000000000e+00 -1.000000000000000000e+00 -1.000000000000000000e+00 -1.000000000000000000e+00 -1.000000000000000000e+00 6.291677682883303511e-07 5.820870535894008321e-07 -1.000000000000000000e+00
0.000000000000000000e+00 -1.000000000000000000e+00 -1.000000000000000000e+00 -1.000000000000000000e+00 5.747037498248982013e-07 -1.000000000000000000e+00 5.585282194737467026e-07 -1.000000000000000000e+00 -1.000000000000000000e+00 -1.000000000000000000e+00
5.781984936055462515e-07 -1.000000000000000000e+00 -1.000000000000000000e+00 -1.000000000000000000e+00 0.000000000000000000e+00 -1.000000000000000000e+00 5.803564260856412736e-07 5.830802001214776949e-07 7.543946049878347503e-07 -1.000000000000000000e+00
0.000000000000000000e+00 -1.000000000000000000e+00 -1.000000000000000000e+00 -1.000000000000000000e+00 5.545933346338937447e-07 -1.000000000000000000e+00 7.409210701829562150e-07 5.848621807962046483e-07 -1.000000000000000000e+00 -1.000000000000000000e+00
0.000000000000000000e+00 -1.000000000000000000e+00 6.076932676077800771e-07 -1.000000000000000000e+00 -1.000000000000000000e+00 -1.000000000000000000e+00 7.381929538953330287e-07 5.847938152279599713e-07 -1.000000000000000000e+00 -1.000000000000000000e+00
0.000000000000000000e+00 -1.000000000000000000e+00 6.315453364276555360e-07 -1.000000000000000000e+00 -1.000000000000000000e+00 7.477737483103436822e-07 -1.000000000000000000e+00 5.835055402643771771e-07 -1.000000000000000000e+00 -1.000000000000000000e+00
-1.000000000000000000e+00 0.000000000000000000e+00 -1.000000000000000000e+00 -1.000000000000000000e+00 -1.000000000000000000e+00 -1.000000000000000000e+00 -1.000000000000000000e+00 6.438844216103262175e-07 5.611424593379083165e-07 -1.000000000000000000e+00
-1.000000000000000000e+00 -1.000000000000000000e+00 -1.000000000000000000e+00 -1.000000000000000000e+00 0.000000000000000000e+00 5.674769863029668723e-07 -1.000000000000000000e+00 5.748116316964662074e-07 -1.000000000000000000e+00 -1.000000000000000000e+00
5.869495759598640804e-07 -1.000000000000000000e+00 -1.000000000000000000e+00 -1.000000000000000000e+00 0.000000000000000000e+00 -1.000000000000000000e+00 5.712869949854906240e-07 5.780960164811557644e-07 -1.000000000000000000e+00 -1.000000000000000000e+00
-1.000000000000000000e+00 -1.000000000000000000e+00 -1.000000000000000000e+00 -1.000000000000000000e+00 -1.000000000000000000e+00 0.000000000000000000e+00 -1.000000000000000000e+00 5.853766016187851725e-07 6.011207877250050082e-07 -1.000000000000000000e+00
-1.000000000000000000e+00 -1.000000000000000000e+00 5.758371142097859337e-07 5.846810549093771962e-07 -1.000000000000000000e+00 0.000000000000000000e+00 -1.000000000000000000e+00 -1.000000000000000000e+00 -1.000000000000000000e+00 -1.000000000000000000e+00
-1.000000000000000000e+00 5.415414999754344620e-07 -1.000000000000000000e+00 -1.000000000000000000e+00 -1.000000000000000000e+00 -1.000000000000000000e+00 -1.000000000000000000e+00 0.000000000000000000e+00 6.197229541728011950e-07 -1.000000000000000000e+00
5.994831786186694824e-07 -1.000000000000000000e+00 5.757267927696443552e-07 -1.000000000000000000e+00 -1.000000000000000000e+00 -1.000000000000000000e+00 0.000000000000000000e+00 -1.000000000000000000e+00 -1.000000000000000000e+00 -1.000000000000000000e+00
-1.000000000000000000e+00 -1.000000000000000000e+00 -1.000000000000000000e+00 -1.000000000000000000e+00 -1.000000000000000000e+00 5.773741358205869432e-07 -1.000000000000000000e+00 0.000000000000000000e+00 -1.000000000000000000e+00 -1.000000000000000000e+00
-1.000000000000000000e+00 -1.000000000000000000e+00 -1.000000000000000000e+00 -1.000000000000000000e+00 5.903218377418272213e-07 -1.000000000000000000e+00 0.000000000000000000e+00 5.722143316777737423e-07 -1.000000000000000000e+00 -1.000000000000000000e+00
-1.000000000000000000e+00 -1.000000000000000000e+00 -1.000000000000000000e+00 -1.000000000000000000e+00 -1.000000000000000000e+00 0.000000000000000000e+00 -1.000000000000000000e+00 5.959638489271738379e-07 5.685877436638178710e-07 -1.000000000000000000e+00
-1.000000000000000000e+00 -1.000000000000000000e+00 -1.000000000000000000e+00 -1.000000000000000000e+00 -1.000000000000000000e+00 -1.000000000000000000e+00 -1.000000000000000000e+00 5.614917011244520199e-07 0.000000000000000000e+00 -1.000000000000000000e+00
5.779203756925497150e-07 -1.000000000000000000e+00 5.887269241955012564e-07 -1.000000000000000000e+00 0.000000000000000000e+00 -1.000000000000000000e+00 5.683418262807867886e-07 -1.000000000000000000e+00 -1.000000000000000000e+00 -1.000000000000000000e+00
