array([  0.00000000e+00,  -1.00000000e+00,   1.68021665e-09,
        -1.00000000e+00,   1.42933357e-09,  -1.00000000e+00,
         1.49287016e-09,  -1.00000000e+00,  -1.00000000e+00,
        -1.00000000e+00]), array([  0.00000000e+00,  -1.00000000e+00,  -1.00000000e+00,
        -1.00000000e+00,   1.42933357e-09,  -1.00000000e+00,
         1.49287016e-09,  -1.00000000e+00,  -1.00000000e+00,
        -1.00000000e+00]), array([ -1.00000000e+00,   1.34874969e-09,   0.00000000e+00,
         1.36347954e-09,  -1.00000000e+00,  -1.00000000e+00,
        -1.00000000e+00,  -1.00000000e+00,  -1.00000000e+00,
        -1.00000000e+00]), array([  0.00000000e+00,  -1.00000000e+00,   1.68021665e-09,
        -1.00000000e+00,  -1.00000000e+00,   1.32673142e-09,
        -1.00000000e+00,   1.37570430e-09,  -1.00000000e+00,
        -1.00000000e+00])